-5.97722 41.573
1.95086 40.9536
-36.1584 28.4353
-29.4687 34.0087
-46.1 13.5232
-41.7753 21.537
-48.78 4.66
-46.1 13.5232
-49.7736 -4.7528
-48.78 4.66
-46.1 13.5232
-46.1 13.5232
-41.7753 21.537
-36.1584 28.4353
-22 38.1051
-14.064 40.635
-29.4687 34.0087
-22 38.1051
-14.064 40.635
-5.97722 41.573
22.0422 30.9539
26.7782 25.5329
9.43036 38.8725
16.2 35.4756
1.95086 40.9536
9.43036 38.8725
16.2 35.4756
22.0422 30.9539
30.2851 19.4631
32.4929 13.0082
26.7782 25.5329
30.2851 19.4631
32.4929 13.0082
33.3856 6.43454

-3.416 -23.756
1.18955 -24.9717
-49.7736 -4.7528
-3.416 -23.756
20.988 -20.0123
25.238 -16.2192
11.22 -24.5601
16.2416 -22.81
6.13 -25.2671
11.22 -24.5601
1.18955 -24.9717
6.13 -25.2671
11.22 -24.5601
11.22 -24.5601
16.2416 -22.81
20.988 -20.0123
31.4217 -6.06
33 0
28.7794 -11.5215
31.4217 -6.06
25.238 -16.2192
28.7794 -11.5215
31.4217 -6.06
31.4217 -6.06
33 0
33.3856 6.43454
