20
-5.574288689661103 8.302247021398262
6.233145950445341 7.819711731288235
-9.3143040186514 -3.639195054972236
-8.930846832419777 -4.4988859571962525
7.554796091983729 -6.5517216064594335
8.87659102216293 -4.605011598818885
-3.399116678891807 -9.404573664089167
7.514606818062276 6.597778745148397
-4.665744547315525 8.844819264360096
-8.372402573831238 5.468352141340577
2.3069244834522102 -9.730267181719563
-8.717823286064421 -4.898934287470381
-6.741443676975658 7.385996016121653
-4.527940204811078 8.916151496113972
2.6725827116961405 -9.6362493559031
8.61955212605372 5.069844292110243
1.1008302179562772 9.939223955180521
-8.953404598815442 4.453823760535489
-7.475720466772719 6.641807246727014
-5.712893620963708 8.207487220553693
